"question","response","hostname"
"Question 5","field trip","127.0.0.1"
"Question 5","field trip","127.0.0.1"
"Question 5","tornado","127.0.0.1"
"Question 5","trip","127.0.0.1"
"Question 5","dance","127.0.0.1"
"Question 5","dance","127.0.0.1"
"Question 5","dance","127.0.0.1"
"Question 5","trip","127.0.0.1"
"Question 5","caca","127.0.0.1"